695
ACGT
1 0 0 0
0 0 0 1
0 0 0 1
1 0 0 0
1 0 0 0
1 0 0 0
0 0 1 0
0 0 1 0
0 0 0 1
0 0 0 1
0 0 0 1
1 0 0 0
0 0 0 1
1 0 0 0
0 1 0 0
0 1 0 0
0 0 0 1
0 0 0 1
0 1 0 0
0 1 0 0
0 1 0 0
1 0 0 0
0 0 1 0
0 0 1 0
0 0 0 1
1 0 0 0
1 0 0 0
0 1 0 0
1 0 0 0
1 0 0 0
1 0 0 0
0 1 0 0
0 1 0 0
1 0 0 0
1 0 0 0
0 1 0 0
0 1 0 0
1 0 0 0
1 0 0 0
0 1 0 0
0 0 0 1
0 0 0 1
0 0 0 1
0 1 0 0
0 0 1 0
1 0 0 0
0 0 0 1
0 1 0 0
0 0 0 1
0 1 0 0
0 0 0 1
0 0 0 1
0 0 1 0
0 0 0 1
1 0 0 0
0 0 1 0
1 0 0 0
0 0 0 1
0 1 0 0
0 0 0 1
0 0 1 0
0 0 0 1
0 0 0 1
0 1 0 0
0 0 0 1
0 1 0 0
0 0 0 1
1 0 0 0
1 0 0 0
1 0 0 0
0 1 0 0
0 0 1 0
1 0 0 0
1 0 0 0
0 1 0 0
0 0 0 1
0 0 0 1
0 0 0 1
1 0 0 0
1 0 0 0
1 0 0 0
1 0 0 0
0 0 0 1
0 1 0 0
0 0 0 1
0 0 1 0
0 0 0 1
0 0 1 0
0 0 0 1
0 0 1 0
0 0 1 0
0 1 0 0
0 0 0 1
0 0 1 0
0 0 0 1
0 1 0 0
1 0 0 0
0 1 0 0
0 0 0 1
0 1 0 0
0 0 1 0
0.046161 0 0.953839 0
0 1 0 0
0 0 0 1
0 0 1 0
0 1 0 0
1 0 0 0
0 0 0 1
0 0 1 0
0 1 0 0
0 0 0 1
0 0 0 1
1 0 0 0
0 0 1 0
0 0 0 1
0 0 1 0
0 1 0 0
1 0 0 0
0 1 0 0
0 0 0 1
0 1 0 0
1 0 0 0
0 1 0 0
0 0 1 0
0 1 0 0
1 0 0 0
0 0 1 0
0 0 0 1
1 0 0 0
0 0 0 1
1 0 0 0
1 0 0 0
0 0 0 1
0 0 0 1
1 0 0 0
1 0 0 0
0 0 0 1
1 0 0 0
1 0 0 0
0 1 0 0
0 0 0 1
1 0 0 0
1 0 0 0
0 0 0 1
0 0 0 1
1 0 0 0
0 1 0 0
0 0 0 1
0 0 1 0
0 0 0 1
0 1 0 0
0 0 1 0
0 0 0 1
0 0 0.018029 0.981971
0 0 1 0
1 0 0 0
0 1 0 0
1 0 0 0
0 0 1 0
0 0 1 0
1 0 0 0
0 1 0 0
1 0 0 0
0 1 0 0
0 0 1 0
1 0 0 0
0 0 1 0
0 0 0 1
1 0 0 0
1 0 0 0
0 1 0 0
0 0 0 1
0 1 0 0
0 0 1 0
0 0 0 1
0 1 0 0
0 0 0 1
1 0 0 0
0 0 0 1
0 1 0 0
0 0 0 1
0 0 0 1
0 1 0 0
0 0 0 1
0 0 1 0
0 1 0 0
1 0 0 0
0 0 1 0
0 0 0.992263 0.007737
0 1 0 0
0 0 0 1
0 0 1 0
0 1 0 0
0 0 0 1
0 0 0 1
1 0 0 0
0 1 0 0
0 0 1 0
0 0 1 0
0 0 0 1
0 0 0 1
0 0 0 1
0 1 0 0
0 0 1 0
0 0 0 1
0 1 0 0
0 1 0 0
0 0 1 0
0 0 0 1
0 0 1 0
0 0 0 1
0 0 0 1
0 0 1 0
0 1 0 0
1 0 0 0
0 0 1 0
0 1 0 0
0 0.966569 0 0.033431
0 0 1 0
1 0 0 0
0 0 0 1
0 1 0 0
1 0 0 0
0 0 0 1
0 1 0 0
1 0 0 0
0 0 1 0
0 1 0 0
1 0 0 0
0 1 0 0
1 0 0 0
0 0 0 1
0 1 0 0
0 0 0 1
1 0 0 0
0 0 1 0
0.007973 0 0.992027 0
0 0 0 1
0 0 0 1
0 0 0 1
0 1 0 0
0 0 1 0
0 0 0 1
0 1 0 0
0 1 0 0
0 0 1 0
0.047037 0 0.952963 0
0 0 1 0
0 0 0 1
0 0 1 0
0 0 0 1
0 0 1 0
1 0 0 0
0 1 0 0
0 1 0 0
0 0 1 0
1 0 0 0
1 0 0 0
0.988428 0 0.011572 0
0 0 1 0
0 0 1 0
0 0 0 1
1 0 0 0
1 0 0 0
0 0 1 0
1 0 0 0
0 0 0 1
0 0 1 0
0 0 1 0
1 0 0 0
0 0 1 0
1 0 0 0
0 0 1 0
0 1 0 0
0 0.935549 0 0.064451
0 0 0 1
0 0 0 1
0 0 1 0
0 0 0 1
0 1 0 0
0 0.993554 0 0.006446
0 1 0 0
0 0 0 1
0 0 1 0
0 0 1 0
0 0 0 1
0 0 0 1
0 0 0 1
0 1 0 0
1 0 0 0
1 0 0 0
0 1 0 0
0 0 1 0
1 0 0 0
0 0 1 0
1 0 0 0
1 0 0 0
1 0 0 0
1 0 0 0
0 1 0 0
1 0 0 0
0 1 0 0
1 0 0 0
0 1 0 0
0 0 1 0
0 0 0 1
0 1 0 0
0 0.919736 0 0.080264
1 0 0 0
1 0 0 0
0 1 0 0
0 0 0 1
0 1 0 0
1 0 0 0
0 0 1 0
0 0 0 1
0 0 0 1
0 0 0 1
0 0 1 0
0 1 0 0
0 1 0 0
0 0 0 1
0 0 1 0
0 0 0 1
0.007716 0 0 0.992284
0 0 0 1
0 0 0 1
1 0 0 0
0 1 0 0
1 0 0 0
0 0 1 0
0 0 1 0
0 0 0 1
0 0 0 1
0 1 0 0
0 0 1 0
0 1 0 0
0 0 1 0
1 0 0 0
0 1 0 0
0 0 1 0
0 0 0 1
0 0 1 0
0 1 0 0
0 0 0 1
0 1 0 0
0 0 1 0
0 0 0 1
1 0 0 0
0 1 0 0
0 0 1 0
0 0 0 1
0 0 1 0
0 0 0.990221 0.009779
0 1 0 0
0 0 0 1
0 0 0 1
0 0 0 1
0 0 1 0
0 0 1 0
1 0 0 0
0 0 1 0
1 0 0 0
0 1 0 0
0 0 0 1
0 1 0 0
0 1 0 0
0 0 1 0
0 0 0 1
0 0 1 0
0 0.022147 0.957017 0.020836
1 0 0 0
0 0 1 0
0 0 0.989341 0.010659
1 0 0 0
0 0 1 0
0 0 0.000112 0.999888
0 0 0 1
0 1 0 0
0 0 0 1
0 0 0 1
1 0 0 0
0 0 0 1
0 1 0 0
1 0 0 0
0 0 1 0
1 0 0 0
0 0 1 0
0 0 1 0
0 1 0 0
1 0 0 0
0 1 0 0
0 0 1 0
0 0 0 1
0 1 0 0
1 0 0 0
1 0 0 0
0 1 0 0
1 0 0 0
0 0 0 1
0 1 0 0
0 0 0 1
0 0 0 1
1 0 0 0
1 0 0 0
1 0 0 0
0 0 1 0
1 0 0 0
0 0 0 1
0 0 1 0
0 0 1 0
0 1 0 0
1 0 0 0
0 1 0 0
0 0 0 1
0 0 0 1
0 0 1 0
0 0 0 1
0 0 1 0
0 0 1 0
0 1 0 0
0 0 0 1
0 0 0.999886 0.000114
1 0 0 0
0 0 1 0
0 0 0 1
1 0 0 0
0 0 1 0
1 0 0 0
1 0 0 0
0 0 1 0
0 0 0 1
0 0 0 1
0 0 1 0
1 0 0 0
0.98893 0 0.01107 0
1 0 0 0
1 0 0 0
1 0 0 0
0 0 1 0
0 0 0.80153 0.19847
0 1 0 0
0 0 1 0
0 0 0 1
0.06647 0 0 0.93353
0 0 0 1
0 0 0 1
0 0 1 0
0 1 0 0
0 1 0 0
0 0 0 1
0 1 0 0
1 0 0 0
1 0 0 0
0 1 0 0
0 0 0 1
0 0 0 1
0 0 1 0
1 0 0 0
0.991467 0 0.008533 0
0 1 0 0
1 0 0 0
0 0 1 0
0 1 0 0
0 1 0 0
0 1 0 0
0 0 0 1
1 0 0 0
0 0 0 1
0 0 1 0
0 0 0 1
0 0 1 0
0 0 0 1
0 0 0 1
0 1 0 0
1 0 0 0
0 0 0 1
0 1 0 0
1 0 0 0
1 0 0 0
1 0 0 0
0 1 0 0
0 0 1 0
0 0 0 1
0 0.010656 0 0.989344
0 1 0 0
0 0 1 0
0 0 1 0
1 0 0 0
0 0 0 1
0 0 1 0
0 1 0 0
0 0 0 1
0 1 0 0
0 0 1 0
1 0 0 0
1 0 0 0
0 1 0 0
0 0 0 1
0 0 1 0
0 1 0 0
1 0 0 0
0 1 0 0
0 1 0 0
0 0 0 1
0 1 0 0
1 0 0 0
0 0 0 1
0 0 1 0
0 0 1 0
0 0 0 1
0 1 0 0
1 0 0 0
0 0 0 1
0 0 1 0
0 0 0 1
0 0 0 1
1 0 0 0
0 0 0 1
0 0 1 0
0 0 1 0
0 0 0 1
0.995628 0 0 0.004372
0 0 1 0
1 0 0 0
0 0 1 0
0 1 0 0
0 0 0 1
0 0 1 0
0 0 1 0
0 0 0 1
1 0 0 0
0 0 1 0
0 1 0 0
1 0 0 0
0 0 1 0
1 0 0 0
1 0 0 0
0 1 0 0
0 0 0 1
0 1 0 0
0 0 1 0
1 0 0 0
1 0 0 0
0 0 1 0
0 0 1 0
0 1 0 0
1 0 0 0
0 0 0 1
0 0 0 1
0 1 0 0
1 0 0 0
0 0 1 0
0 0 0 1
1 0 0 0
0 1 0 0
0 0 1 0
0.007401 0 0.992599 0
0 0 0 1
0 1 0 0
0 0 1 0
0 0 0 1
1 0 0 0
0 0 1 0
0 0 0 1
0 0 1 0
0 0 1 0
0 0 0 1
0 0 1 0
1 0 0 0
0 0 1 0
1 0 0 0
0 1 0 0
1 0 0 0
0 1 0 0
0 0 0 1
0 0 0 1
0 0 1 0
0 0 0.864613 0.135387
0 0 0 1
0 0 1 0
0 0 0 1
0 1 0 0
0 0.000465 0 0.999535
0 0 0 1
0 0 0 1
0 0 1 0
0 0 0 1
0 1 0 0
0 1 0 0
0 1 0 0
0 0 0 1
0 1 0 0
1 0 0 0
0 0 0 1
0 0 1 0
0 0 0 1
0 0 1 0
0 0 1 0
0 0 1 0
0 1 0 0
0 0 1 0
1 0 0 0
1 0 0 0
1 0 0 0
0 0 0 1
1 0 0 0
0 1 0 0
0 1 0 0
1 0 0 0
0 0 1 0
0 0 0 1
0 0 1 0
0 0 1 0
0 1 0 0
0 0 0 1
0 0 0 1
1 0 0 0
0 1 0 0
0 1 0 0
0 0 1 0
0 1 0 0
1 0 0 0
1 0 0 0
0 0 1 0
0 0 1 0
0 0 0 1
0 0 0 1
0 1 0 0
0 0 0 1
0 0 0 1
0 1 0 0
0 0 0 1
0 0 0 1
0 1 0 0
0 0 1 0
0 0 0 1
1 0 0 0
1 0 0 0
0 0 1 0
1 0 0 0
1 0 0 0
0 1 0 0
0 0 1 0
0 0 1 0
0 0 0 1
1 0 0 0
1 0 0 0
0 0 0 1
1 0 0 0
1 0 0 0
1 0 0 0
0 0 1 0
0 0 1 0
1 0 0 0
0 0 1 0
0 1 0 0
0 0 0 1
0 0 1 0
0 0 1 0
0 0 0 1
0 0 1 0
0 0 0.99216 0.00784
0 1 0 0
0 0.00024 0 0.99976
1 0 0 0
0 0 0 1
1 0 0 0
0 0 1 0
0 0 0 1
0 0 0 1
1 0 0 0
0 1 0 0
0 0 1 0
0.026166 0 0.973834 0
0 1 0 0
0 0 1 0
0 1 0 0
0 0.991713 0 0.008287
0 0 1 0
1 0 0 0
0 0 0 1
0 1 0 0
0 0 0 1
1 0 0 0
0.983612 0 0 0.016388
1 0 0 0
0 0 1 0
0 0 0 1
0 1 0 0
1 0 0 0
0 0 0 1
0.505611 0 0 0.494389
0 0 0 1
0 0 1 0
